item	Smu1_V(1)(1)	Smu1_I(1)(1)
1	-1	-3,98927E-05
2	-0,99000001	-3,8197E-05
3	-0,980000019	-3,711E-05
4	-0,970000029	-3,62255E-05
5	-0,959999979	-3,53798E-05
6	-0,949999988	-3,47115E-05
7	-0,939999998	-3,40843E-05
8	-0,930000007	-3,34248E-05
9	-0,920000017	-3,27669E-05
10	-0,910000026	-3,21529E-05
11	-0,899999976	-3,15528E-05
12	-0,889999986	-3,0943E-05
13	-0,879999995	-3,03753E-05
14	-0,870000005	-2,98489E-05
15	-0,860000014	-2,92692E-05
16	-0,850000024	-2,87332E-05
17	-0,839999974	-2,81973E-05
18	-0,829999983	-2,76738E-05
19	-0,819999993	-2,71395E-05
20	-0,810000002	-2,66414E-05
21	-0,800000012	-2,61069E-05
22	-0,790000021	-2,561E-05
23	-0,779999971	-2,51333E-05
24	-0,769999981	-2,46504E-05
25	-0,75999999	-2,41459E-05
26	-0,75	-2,36557E-05
27	-0,74000001	-2,31594E-05
28	-0,730000019	-2,26529E-05
29	-0,720000029	-2,21911E-05
30	-0,709999979	-2,17342E-05
31	-0,699999988	-2,12891E-05
32	-0,689999998	-2,08648E-05
33	-0,680000007	-2,04414E-05
34	-0,670000017	-2,00144E-05
35	-0,660000026	-1,96166E-05
36	-0,649999976	-1,92128E-05
37	-0,639999986	-1,88165E-05
38	-0,629999995	-1,84404E-05
39	-0,620000005	-1,80716E-05
40	-0,610000014	-1,77054E-05
41	-0,600000024	-1,73413E-05
42	-0,589999974	-1,69926E-05
43	-0,579999983	-1,66193E-05
44	-0,569999993	-1,62626E-05
45	-0,560000002	-1,59154E-05
46	-0,550000012	-1,55732E-05
47	-0,540000021	-1,52439E-05
48	-0,529999971	-1,4907E-05
49	-0,519999981	-1,45718E-05
50	-0,50999999	-1,42425E-05
51	-0,5	-1,39142E-05
52	-0,49000001	-1,35961E-05
53	-0,479999989	-1,32815E-05
54	-0,469999999	-1,29556E-05
55	-0,460000008	-1,2632E-05
56	-0,449999988	-1,23124E-05
57	-0,439999998	-1,19935E-05
58	-0,430000007	-1,16686E-05
59	-0,419999987	-1,13448E-05
60	-0,409999996	-1,10027E-05
61	-0,400000006	-1,06686E-05
62	-0,389999986	-1,03416E-05
63	-0,379999995	-1,00055E-05
64	-0,370000005	-9,56674E-06
65	-0,360000014	-9,2509E-06
66	-0,349999994	-8,91802E-06
67	-0,340000004	-8,58028E-06
68	-0,330000013	-8,23928E-06
69	-0,319999993	-7,88713E-06
70	-0,310000002	-7,53513E-06
71	-0,300000012	-7,17758E-06
72	-0,289999992	-6,8148E-06
73	-0,280000001	-6,44303E-06
74	-0,270000011	-6,06469E-06
75	-0,25999999	-5,67791E-06
76	-0,25	-5,28119E-06
77	-0,239999995	-4,88329E-06
78	-0,230000004	-4,4915E-06
79	-0,219999999	-4,09948E-06
80	-0,209999993	-3,71974E-06
81	-0,200000003	-3,35676E-06
82	-0,189999998	-3,01471E-06
83	-0,180000007	-2,69501E-06
84	-0,170000002	-2,40201E-06
85	-0,159999996	-2,13564E-06
86	-0,150000006	-1,89096E-06
87	-0,140000001	-1,66984E-06
88	-0,129999995	-1,46929E-06
89	-0,119999997	-1,29029E-06
90	-0,109999999	-1,13187E-06
91	-0,100000001	-9,95287E-07
92	-0,090000004	-8,65814E-07
93	-0,079999998	-7,43823E-07
94	-0,07	-6,35074E-07
95	-0,059999999	-5,35246E-07
96	-0,050000001	-4,45426E-07
97	-0,039999999	-3,64203E-07
98	-0,029999999	-2,905E-07
99	-0,02	-2,27097E-07
100	-0,01	-1,66639E-07
101	0	-1,13993E-07
102	0,01	-6,63869E-08
103	0,02	-2,39295E-08
104	0,029999999	1,17388E-08
105	0,039999999	4,58264E-08
106	0,050000001	7,62762E-08
107	0,059999999	1,02634E-07
108	0,07	1,27584E-07
109	0,079999998	1,49403E-07
110	0,090000004	1,69519E-07
111	0,100000001	1,89303E-07
112	0,109999999	2,0716E-07
113	0,119999997	2,23222E-07
114	0,129999995	2,41365E-07
115	0,140000001	2,57541E-07
116	0,150000006	2,73887E-07
117	0,159999996	2,89637E-07
118	0,170000002	3,04866E-07
119	0,180000007	3,22376E-07
120	0,189999998	3,37445E-07
121	0,200000003	3,55079E-07
122	0,209999993	3,71301E-07
123	0,219999999	3,8911E-07
124	0,230000004	4,06492E-07
125	0,239999995	4,26828E-07
126	0,25	4,48668E-07
127	0,25999999	4,72365E-07
128	0,270000011	5,00189E-07
129	0,280000001	5,33164E-07
130	0,289999992	5,73851E-07
131	0,300000012	6,24015E-07
132	0,310000002	6,87279E-07
133	0,319999993	7,66047E-07
134	0,330000013	8,66806E-07
135	0,340000004	9,85064E-07
136	0,349999994	1,00855E-06
137	0,360000014	1,17881E-06
138	0,370000005	1,36565E-06
139	0,379999995	1,57011E-06
140	0,389999986	1,78348E-06
141	0,400000006	2,00174E-06
142	0,409999996	2,22087E-06
143	0,419999987	2,43387E-06
144	0,430000007	2,64129E-06
145	0,439999998	2,83157E-06
146	0,449999988	3,00636E-06
147	0,460000008	3,1664E-06
148	0,469999999	3,30353E-06
149	0,479999989	3,42141E-06
150	0,49000001	3,52328E-06
151	0,5	3,60924E-06
152	0,50999999	3,68254E-06
153	0,519999981	3,7449E-06
154	0,529999971	3,79614E-06
155	0,540000021	3,84259E-06
156	0,550000012	3,88349E-06
157	0,560000002	3,92065E-06
158	0,569999993	3,95408E-06
159	0,579999983	3,98543E-06
160	0,589999974	4,01819E-06
161	0,600000024	4,04947E-06
162	0,610000014	4,07709E-06
163	0,620000005	4,10721E-06
164	0,629999995	4,13992E-06
165	0,639999986	4,17464E-06
166	0,649999976	4,21234E-06
167	0,660000026	4,2495E-06
168	0,670000017	4,28364E-06
169	0,680000007	4,32494E-06
170	0,689999998	4,36285E-06
171	0,699999988	4,41483E-06
172	0,709999979	4,46715E-06
173	0,720000029	4,51869E-06
174	0,730000019	4,57917E-06
175	0,74000001	4,64432E-06
176	0,75	4,71056E-06
177	0,75999999	4,78601E-06
178	0,769999981	4,86082E-06
179	0,779999971	4,94557E-06
180	0,790000021	5,0357E-06
181	0,800000012	5,13648E-06
182	0,810000002	5,24673E-06
183	0,819999993	5,3719E-06
184	0,829999983	5,50746E-06
185	0,839999974	5,65481E-06
186	0,850000024	5,81042E-06
187	0,860000014	5,98889E-06
188	0,870000005	6,18428E-06
189	0,879999995	6,43321E-06
190	0,889999986	6,70641E-06
191	0,899999976	7,0236E-06
192	0,910000026	7,37105E-06
193	0,920000017	7,762E-06
194	0,930000007	8,15961E-06
195	0,939999998	8,55303E-06
196	0,949999988	8,91736E-06
197	0,959999979	9,25678E-06
198	0,970000029	9,56393E-06
199	0,980000019	9,84293E-06
200	0,99000001	1,01151E-05
201	1	9,45171E-06
202	1	1,76554E-05
203	0,99000001	1,30725E-05
204	0,980000019	1,06465E-05
205	0,970000029	8,43714E-06
206	0,959999979	7,32681E-06
207	0,949999988	6,4504E-06
208	0,939999998	5,72731E-06
209	0,930000007	5,11153E-06
210	0,920000017	4,57857E-06
211	0,910000026	4,1167E-06
212	0,899999976	3,70206E-06
213	0,889999986	3,33754E-06
214	0,879999995	3,0182E-06
215	0,870000005	2,72233E-06
216	0,860000014	2,46201E-06
217	0,850000024	2,22438E-06
218	0,839999974	2,0112E-06
219	0,829999983	1,81761E-06
220	0,819999993	1,63901E-06
221	0,810000002	1,47694E-06
222	0,800000012	1,32387E-06
223	0,790000021	1,18012E-06
224	0,779999971	1,03965E-06
225	0,769999981	1,28706E-06
226	0,75999999	1,07051E-06
227	0,75	1,21543E-06
228	0,74000001	1,08373E-06
229	0,730000019	1,00865E-06
230	0,720000029	1,04649E-06
231	0,709999979	9,64993E-07
232	0,699999988	9,13786E-07
233	0,689999998	8,79031E-07
234	0,680000007	8,47004E-07
235	0,670000017	8,22424E-07
236	0,660000026	7,9671E-07
237	0,649999976	7,72825E-07
238	0,639999986	7,52702E-07
239	0,629999995	7,29094E-07
240	0,620000005	7,10056E-07
241	0,610000014	6,93315E-07
242	0,600000024	6,75331E-07
243	0,589999974	6,59033E-07
244	0,579999983	6,44888E-07
245	0,569999993	6,29445E-07
246	0,560000002	6,14354E-07
247	0,550000012	6,01768E-07
248	0,540000021	5,85083E-07
249	0,529999971	5,71033E-07
250	0,519999981	5,53316E-07
251	0,50999999	5,36864E-07
252	0,5	5,20435E-07
253	0,49000001	4,9883E-07
254	0,479999989	4,78905E-07
255	0,469999999	4,54014E-07
256	0,460000008	4,28814E-07
257	0,449999988	4,00848E-07
258	0,439999998	3,70358E-07
259	0,430000007	3,3864E-07
260	0,419999987	3,02753E-07
261	0,409999996	2,72903E-07
262	0,400000006	2,28768E-07
263	0,389999986	1,90389E-07
264	0,379999995	1,56515E-07
265	0,370000005	1,19977E-07
266	0,360000014	8,3309E-08
267	0,349999994	5,56137E-08
268	0,340000004	2,82809E-08
269	0,330000013	4,65855E-09
270	0,319999993	-8,6401E-09
271	0,310000002	-1,99875E-08
272	0,300000012	-3,05312E-08
273	0,289999992	-3,7629E-08
274	0,280000001	-4,22131E-08
275	0,270000011	-4,50473E-08
276	0,25999999	-4,61232E-08
277	0,25	-4,80316E-08
278	0,239999995	-4,89193E-08
279	0,230000004	-5,14082E-08
280	0,219999999	-5,01777E-08
281	0,209999993	-5,21513E-08
282	0,200000003	-5,2191E-08
283	0,189999998	-5,46156E-08
284	0,180000007	-5,61432E-08
285	0,170000002	-5,86997E-08
286	0,159999996	-5,85702E-08
287	0,150000006	-6,23775E-08
288	0,140000001	-6,4956E-08
289	0,129999995	-6,80611E-08
290	0,119999997	-7,24376E-08
291	0,109999999	-7,70754E-08
292	0,100000001	-8,00752E-08
293	0,090000004	-8,37112E-08
294	0,079999998	-9,0449E-08
295	0,07	-9,82003E-08
296	0,059999999	-1,0365E-07
297	0,050000001	-1,12495E-07
298	0,039999999	-1,22338E-07
299	0,029999999	-1,32997E-07
300	0,02	-1,45713E-07
301	0,01	-1,60741E-07
302	0	-1,76468E-07
303	-0,01	-1,94712E-07
304	-0,02	-2,16163E-07
305	-0,029999999	-2,40799E-07
306	-0,039999999	-2,68524E-07
307	-0,050000001	-2,99978E-07
308	-0,059999999	-3,356E-07
309	-0,07	-3,72764E-07
310	-0,079999998	-4,16781E-07
311	-0,090000004	-4,66459E-07
312	-0,100000001	-5,20605E-07
313	-0,109999999	-5,79602E-07
314	-0,119999997	-6,44033E-07
315	-0,129999995	-7,16328E-07
316	-0,140000001	-7,92953E-07
317	-0,150000006	-8,75486E-07
318	-0,159999996	-9,65401E-07
319	-0,170000002	-1,0473E-06
320	-0,180000007	-1,14825E-06
321	-0,189999998	-1,2546E-06
322	-0,200000003	-1,36616E-06
323	-0,209999993	-1,48156E-06
324	-0,219999999	-1,60264E-06
325	-0,230000004	-1,72921E-06
326	-0,239999995	-1,85958E-06
327	-0,25	-1,99438E-06
328	-0,25999999	-2,1376E-06
329	-0,270000011	-2,28193E-06
330	-0,280000001	-2,43341E-06
331	-0,289999992	-2,58737E-06
332	-0,300000012	-2,74627E-06
333	-0,310000002	-2,91348E-06
334	-0,319999993	-3,08408E-06
335	-0,330000013	-3,26122E-06
336	-0,340000004	-3,44882E-06
337	-0,349999994	-3,64162E-06
338	-0,360000014	-3,84617E-06
339	-0,370000005	-4,06241E-06
340	-0,379999995	-4,29276E-06
341	-0,389999986	-4,54206E-06
342	-0,400000006	-4,80112E-06
343	-0,409999996	-5,06764E-06
344	-0,419999987	-5,35236E-06
345	-0,430000007	-5,64981E-06
346	-0,439999998	-5,95447E-06
347	-0,449999988	-6,26618E-06
348	-0,460000008	-6,59442E-06
349	-0,469999999	-6,93002E-06
350	-0,479999989	-7,27536E-06
351	-0,49000001	-7,61642E-06
352	-0,5	-7,96397E-06
353	-0,50999999	-8,3237E-06
354	-0,519999981	-8,68425E-06
355	-0,529999971	-9,04277E-06
356	-0,540000021	-9,39326E-06
357	-0,550000012	-9,73103E-06
358	-0,560000002	-1,0075E-05
359	-0,569999993	-1,04072E-05
360	-0,579999983	-1,06956E-05
361	-0,589999974	-1,10417E-05
362	-0,600000024	-1,13977E-05
363	-0,610000014	-1,17561E-05
364	-0,620000005	-1,21132E-05
365	-0,629999995	-1,24623E-05
366	-0,639999986	-1,28151E-05
367	-0,649999976	-1,31809E-05
368	-0,660000026	-1,35354E-05
369	-0,670000017	-1,39232E-05
370	-0,680000007	-1,42252E-05
371	-0,689999998	-1,45686E-05
372	-0,699999988	-1,49095E-05
373	-0,709999979	-1,5255E-05
374	-0,720000029	-1,55923E-05
375	-0,730000019	-1,59274E-05
376	-0,74000001	-1,62612E-05
377	-0,75	-1,65906E-05
378	-0,75999999	-1,69261E-05
379	-0,769999981	-1,72639E-05
380	-0,779999971	-1,75867E-05
381	-0,790000021	-1,79115E-05
382	-0,800000012	-1,82371E-05
383	-0,810000002	-1,8564E-05
384	-0,819999993	-1,88901E-05
385	-0,829999983	-1,92067E-05
386	-0,839999974	-1,9509E-05
387	-0,850000024	-1,98535E-05
388	-0,860000014	-2,01934E-05
389	-0,870000005	-2,05183E-05
390	-0,879999995	-2,08372E-05
391	-0,889999986	-2,11583E-05
392	-0,899999976	-2,14616E-05
393	-0,910000026	-2,1782E-05
394	-0,920000017	-2,21204E-05
395	-0,930000007	-2,24672E-05
396	-0,939999998	-2,28065E-05
397	-0,949999988	-2,31767E-05
398	-0,959999979	-2,36016E-05
399	-0,970000029	-2,40815E-05
400	-0,980000019	-2,45862E-05
401	-0,99000001	-2,5127E-05
402	-1	-2,57215E-05
